13163 
13165 
14318 
14319 
14320 
14312 
14322 
25296 
883 
2641 
6991 
982 
1515 
136 
3111 
3661 
3662 
13542 
13543 
13544 
6197 
1002 
1513 
14326 
14327 
5118 
1462 
13161 
13159 
19574 
19577 
20043 
20190 
34074 
34026 
19434 
20900 
20901 
20902 
20903 
20904 
27065 
3044 
14281 
14282 
14283 
14284 
14285 
14286 
14287 
27019 
75 
5116 
20736 
14274 
15629 
15630 
15631 
15632 
27020 
1543 
1130 
14323 
14324 
14325 
2643 
14288 
14289 
14290 
25294 
27021 
3045 
19503 
3043 
1978 
13549 
13550 
13551 
13552 
13553 
13554 
13555 
25295 
27016 
34490 
34120 
19801 
19506 
20905 
20906 
27066 
3034 
14279 
14280 
27018 
1510 
14294 
14295 
27022 
19306 
20909 
20910 
27067 
19263 
781 
14272 
14273 
27015 
13813 
14316 
14317 
27025 
5384 
1499 
14310 
14311 
13809 
13795 
14302 
14303 
14304 
14305 
27023 
34477 
1495 
14269 
14270 
14271 
36916 
2973 
14260 
14261 
14262 
14263 
14264 
14265 
14266 
27014 
23989 
34600 
1494 
19878 
19879 
19880 
19882 
19885 
19883 
19884 
2974 
14267 
14268 
19386 
24132 
24133 
27068