587

597

990

6129

10144

10145

28612

33717

759

10053

27101

10053

27101

3552

10054

5504

5505

5506

6127

10138

10139

10140

37420

27090

1008

8455

10169

10170

27130

33946

30451

23028

27127

1449

8437

8438

8439

10201

10202

27080

27082

1459

1460

1461

10156

10157

27126

5143

5144

5145

8416

8417

10211

10212

25345

27075

38699

38704

12042

11113

33933

1953

27085

12472

11129

27087

2139

33944

33043

12051

27079

27128

38692

27086

7301

27088

32796

38697

27124

33405

11958

30455

66

27125

27131

30482

12826

28272

28271

11419

32266

11416

11417

35717

33691

32267

10059

11420

11418

12043

33938

475

43987

27074

31589

130

30449

31687

3565

32271

3562

3567

35715

33690

32272

3561

3566

3563