32700 
31884 
1044 
20217 
27144 
27140 
10278 
27148 
1038 
27168 
27142 
4987 
19746 
27173 
32223 
35395 
27149 
20216 
31842 
19752 
5573 
1020 
27138 
27153 
27137 
27152 
25898 
27145 
27141 
25895 
27169 
27143 
10308 
27180 
27136 
27179 
33072 
27139 
20271 
27154 
1152 
20773 
20066 
27150 
31789 
25780 
20218 
31892 
27170 
31895 
27160 
27155 
31801 
27166 
27158 
5502 
27151 
33776 
10326 

-Summon War horse- 
34767 ( Blood Elf ) 
23214 ( Human Dwarf and Draenei ) 
34769 ( Blood Elf ) 
13819 ( Human Dwarf and Draenei )